1537878403.000000, IBI
116.067813,0.781286
116.895976,0.828163
135.303068,0.703157
136.053102,0.750034
136.756260,0.703157
137.443791,0.687531
138.115697,0.671906
138.787603,0.671906
139.443883,0.656280
140.068911,0.625029
140.881449,0.812537
143.959714,0.656280
144.584743,0.625029
145.241023,0.656280
145.866052,0.625029
155.757129,0.781286
156.382158,0.625029
157.132192,0.750034
157.819724,0.687531
158.538507,0.718783
159.194787,0.656280
159.851067,0.656280
160.444844,0.593777
161.054247,0.609403
161.648024,0.593777
162.288678,0.640654
162.944958,0.656280
163.554361,0.609403
164.210641,0.656280
164.835670,0.625029
165.507576,0.671906
166.070101,0.562526
170.835945,0.734409
171.492225,0.656280
172.195382,0.703157
172.867288,0.671906
173.523568,0.656280
174.195473,0.671906
174.851753,0.656280
175.476782,0.625029
176.164314,0.687531
176.758091,0.593777
177.367494,0.609403
177.976897,0.609403
178.586299,0.609403
179.180077,0.593777
179.758228,0.578151
180.305128,0.546900
180.930157,0.625029
181.586437,0.656280
182.242717,0.656280
186.242900,0.687531
186.992934,0.750034
187.727343,0.734409
188.477377,0.750034
189.243037,0.765660
199.931026,0.656280
200.618558,0.687531
201.290464,0.671906
201.993621,0.703157
202.696778,0.703157
203.384310,0.687531
204.087467,0.703157
204.774998,0.687531
205.478155,0.703157
206.228190,0.750034
206.962598,0.734409
207.712633,0.750034
208.478293,0.765660
209.212701,0.734409
209.962736,0.750034
210.665893,0.703157
211.415927,0.750034
212.087833,0.671906
212.744113,0.656280
213.400393,0.656280
214.087924,0.687531
214.791082,0.703157
215.556742,0.765660
216.353653,0.796911
217.166190,0.812537
217.947476,0.781286
218.697510,0.750034
219.447545,0.750034
220.197579,0.750034
220.931988,0.734409
221.666396,0.734409
222.416431,0.750034
223.119588,0.703157
223.744617,0.625029
224.385271,0.640654
225.057177,0.671906
225.760334,0.703157
226.447865,0.687531
227.182274,0.734409
227.901057,0.718783
228.572963,0.671906
229.229243,0.656280
229.932400,0.703157
230.604306,0.671906
231.338714,0.734409
232.088748,0.750034
232.838783,0.750034
233.557566,0.718783
234.260723,0.703157
234.979506,0.718783
235.682663,0.703157
236.463949,0.781286
237.167106,0.703157
237.901515,0.734409
238.589046,0.687531
239.260952,0.671906
239.948483,0.687531
240.604763,0.656280
241.292295,0.687531
242.011078,0.718783
242.698609,0.687531
243.417392,0.718783
244.089298,0.671906
257.511787,0.765660
258.183693,0.671906
258.964979,0.781286
259.668136,0.703157
260.308790,0.640654
266.559076,0.656280
267.230982,0.671906
267.934139,0.703157
268.637296,0.703157
269.356079,0.718783
270.043611,0.687531
270.731142,0.687531
426.957043,0.609403
427.691452,0.734409
433.363587,0.859414
434.238627,0.875040
434.926158,0.687531
435.676193,0.750034
436.363724,0.687531
437.082507,0.718783
437.738787,0.656280
438.504447,0.765660
439.254481,0.750034
444.254710,0.640654
495.507056,0.875040
496.288342,0.781286
497.116505,0.828163
497.819662,0.703157
498.522819,0.703157
515.632977,0.812537
516.429888,0.796911
517.242426,0.812537
560.775668,0.718783
561.525703,0.750034
562.322614,0.796911
563.103900,0.781286
563.885186,0.781286
564.603969,0.718783
565.260249,0.656280
565.932154,0.671906
566.557183,0.625029
567.166586,0.609403
567.760363,0.593777
568.369766,0.609403
568.994795,0.625029
569.619823,0.625029
570.322980,0.703157
571.057389,0.734409
571.869926,0.812537
577.995207,0.671906
578.698364,0.703157
579.432772,0.734409
580.073427,0.640654
580.870338,0.796911
600.558739,0.875040
601.277522,0.718783
604.996443,0.734409
605.637097,0.640654
606.215248,0.578151
606.918406,0.703157
622.200355,0.734409
622.841009,0.640654
623.466038,0.625029
623.981687,0.515649
624.559838,0.578151
625.309872,0.750034
625.872398,0.562526
626.544304,0.671906
627.200584,0.656280
627.888115,0.687531
628.575647,0.687531
629.231927,0.656280
629.888207,0.656280
630.560113,0.671906
631.232018,0.671906
631.903924,0.671906
632.575830,0.671906
633.357116,0.781286
633.966519,0.609403
634.669676,0.703157
635.232202,0.562526
673.905847,0.750034
674.640255,0.734409
675.374664,0.734409
676.140324,0.765660
723.689376,0.765660
724.517539,0.828163
725.392579,0.875040
726.142613,0.750034
726.923899,0.781286
727.673933,0.750034
728.392716,0.718783
729.064622,0.671906
729.783405,0.718783
730.517813,0.734409
740.455768,0.734409
741.205802,0.750034
741.955837,0.750034
742.658994,0.703157
743.409028,0.750034
744.127811,0.718783
744.846594,0.718783
745.627880,0.781286
746.440417,0.812537
747.221703,0.781286
747.971737,0.750034
748.815526,0.843789
749.581186,0.765660
750.346846,0.765660
751.096880,0.750034
751.862540,0.765660
752.628200,0.765660
753.425112,0.796911
754.190772,0.765660
754.972058,0.781286
755.768969,0.796911
756.550255,0.781286
757.315915,0.765660
758.050323,0.734409
758.800358,0.750034
805.911889,0.750034
806.693175,0.781286
807.490087,0.796911
808.255747,0.765660
809.068284,0.812537
818.490590,0.781286
819.303127,0.812537
820.115664,0.812537
820.928202,0.812537
821.740739,0.812537
822.522025,0.781286
823.334562,0.812537
824.131473,0.796911
824.975262,0.843789
825.772173,0.796911
826.615962,0.843789
827.491002,0.875040
828.366042,0.875040
829.194205,0.828163
914.854376,0.609403
915.401276,0.546900
925.261102,0.531274
925.823628,0.562526
926.433031,0.609403
926.979931,0.546900
927.495579,0.515649
943.011915,0.593777
943.574440,0.562526
944.152592,0.578151
944.715118,0.562526
945.387023,0.671906
958.575127,0.640654
959.184530,0.609403
959.887687,0.703157
987.388946,0.656280
988.013975,0.625029
988.654629,0.640654
989.420289,0.765660
1054.548270,0.484397
1055.063919,0.515649
1143.192953,0.546900
1143.630473,0.437520
1144.146122,0.515649
1144.614893,0.468771
1145.161793,0.546900
1145.583687,0.421894
1146.114962,0.531274
1146.583733,0.468771
1147.068130,0.484397
1147.490025,0.421894
1254.416794,0.531274
1312.169438,0.562526
1312.794466,0.625029
1313.435121,0.640654
1314.060149,0.625029
1314.700804,0.640654
1315.357084,0.656280
1315.982112,0.625029
1316.607141,0.625029
1317.247795,0.640654
1317.919701,0.671906
1318.654109,0.734409
1319.388518,0.734409
1320.076050,0.687531
1340.952005,0.843789
1392.016843,0.671906
1415.299158,0.593777
1419.846241,0.578151
1420.533773,0.687531
1421.221304,0.687531
1422.002590,0.781286
1422.627619,0.625029
1423.362027,0.734409
1424.065185,0.703157
1424.799593,0.734409
1425.502750,0.703157
1426.143405,0.640654
1426.799685,0.656280
1427.424713,0.625029
1441.737869,0.687531
1446.488086,0.687531
1447.159992,0.671906
1447.863149,0.703157
1448.550680,0.687531
1449.253838,0.703157
1449.941369,0.687531
1450.628901,0.687531
1451.285181,0.656280
1474.239356,0.687531
1475.067519,0.828163
1479.817737,0.625029
1480.458391,0.640654
1481.099045,0.640654
1481.692822,0.593777
1482.442857,0.750034
1483.005383,0.562526
1483.692914,0.687531
1484.333568,0.640654
1485.036726,0.703157
1485.708631,0.671906
1486.427414,0.718783
1506.818973,0.656280
1507.412750,0.593777
1508.053404,0.640654
1508.694058,0.640654
1509.303461,0.609403
1509.850361,0.546900
1510.506641,0.656280
1511.084793,0.578151
1511.647319,0.562526
1512.272347,0.625029
1512.913002,0.640654
1513.522404,0.609403
1514.178684,0.656280
1514.881842,0.703157
1515.553747,0.671906
1516.241279,0.687531
1516.881933,0.640654
1517.538213,0.656280
1518.147616,0.609403
1518.788270,0.640654
1519.397673,0.609403
1520.163333,0.765660
1520.866491,0.703157
1521.475893,0.609403
1522.257179,0.781286
1522.835331,0.578151
1523.429108,0.593777
1524.194768,0.765660
1524.772919,0.578151
1525.351071,0.578151
1526.085479,0.734409
1526.663631,0.578151
1527.273034,0.609403
1527.944940,0.671906
1528.601220,0.656280
1529.288751,0.687531
1537.179737,0.531274
1537.773515,0.593777
1538.476672,0.703157
1539.179829,0.703157
1570.931282,0.546900
1571.540685,0.609403
1572.118837,0.578151
1572.728240,0.609403
1573.290765,0.562526
1579.009777,0.593777
1579.650431,0.640654
1580.212957,0.562526
1580.916114,0.703157
1581.619272,0.703157
1582.353680,0.734409
1582.963083,0.609403
1583.713117,0.750034
1584.400649,0.687531
1585.025677,0.625029
1585.681957,0.656280
1586.275735,0.593777
1586.947640,0.671906
1587.541418,0.593777
1588.182072,0.640654
1588.713346,0.531274
1589.338375,0.625029
1589.885275,0.546900
1590.400923,0.515649
1595.479281,0.625029
1596.010555,0.531274
1596.651210,0.640654
1597.307490,0.656280
1597.932518,0.625029
1598.448167,0.515649
1599.104447,0.656280
1599.682598,0.578151
1600.260750,0.578151
1600.823276,0.562526
1601.370176,0.546900
1605.089096,0.578151
1605.714124,0.625029
1606.323527,0.609403
1611.136248,0.640654
1616.245857,0.640654
1616.902137,0.656280
1617.527165,0.625029
1618.199071,0.671906
1618.761597,0.562526
1619.402251,0.640654
1620.011654,0.609403
1620.574180,0.562526
1621.183583,0.609403
1621.824237,0.640654
1622.464891,0.640654
1623.168048,0.703157
1623.902457,0.734409
1624.621240,0.718783
1625.386900,0.765660
1626.121309,0.734409
1626.855717,0.734409
1627.574500,0.718783
1628.293283,0.718783
1628.980814,0.687531
1629.699597,0.718783
1630.387129,0.687531
1631.059035,0.671906
1631.730940,0.671906
1632.402846,0.671906
1633.106003,0.703157
1633.777909,0.671906
1634.527943,0.750034
1635.184223,0.656280
1635.840503,0.656280
1641.121995,0.609403
1641.793901,0.671906
1642.481432,0.687531
1643.168964,0.687531
1643.887747,0.718783
1644.622155,0.734409
1645.278435,0.656280
1645.981593,0.703157
1646.669124,0.687531
1647.434784,0.765660
1647.997310,0.562526
1648.622339,0.625029
1649.325496,0.703157
1649.981776,0.656280
1650.638056,0.656280
1651.356839,0.718783
1654.872625,0.531274
1655.450776,0.578151
1656.044553,0.593777
1656.622705,0.578151
1657.263359,0.640654
1657.919639,0.656280
1658.607171,0.687531
1659.294702,0.687531
1660.013485,0.718783
1660.716642,0.703157
1661.404174,0.687531
1662.107331,0.703157
1662.763611,0.656280
1663.404265,0.640654
1664.013668,0.609403
1664.638697,0.625029
1665.263725,0.625029
1678.498706,0.625029
1679.154986,0.656280
1679.795640,0.640654
1680.420669,0.625029
1681.045698,0.625029
1681.701978,0.656280
1682.327006,0.625029
1682.952035,0.625029
1683.639566,0.687531
1684.311472,0.671906
1685.014629,0.703157
1685.733412,0.718783
1686.452195,0.718783
1687.108475,0.656280
1687.749130,0.640654
1688.389784,0.640654
1700.874730,0.593777
1701.468508,0.593777
1702.093536,0.625029
1712.937783,0.609403
1713.656565,0.718783
1721.250663,0.750034
1726.032132,0.718783
1726.735289,0.703157
1727.454072,0.718783
1728.141603,0.687531
1728.797884,0.656280
1729.438538,0.640654
1730.063566,0.625029
1730.704221,0.640654
1731.329249,0.625029
1748.673793,0.593777
1749.298822,0.625029
1749.892599,0.593777
1750.470751,0.578151
1757.830462,0.890666
1758.814883,0.984420
1759.549291,0.734409
1778.784547,0.671906
1779.487704,0.703157
1780.143984,0.656280
1785.159838,0.609403
1785.769241,0.609403
1786.363019,0.593777
1796.910376,0.656280
1797.551031,0.640654
1798.176059,0.625029
1798.816714,0.640654
1809.254691,0.625029
1809.864094,0.609403
1827.349270,0.656280
1828.021175,0.671906
1828.693081,0.671906
1829.349361,0.656280
1830.005641,0.656280
1838.459153,0.750034
1839.162310,0.703157
1839.849842,0.687531
1840.552999,0.703157
1841.178028,0.625029
1841.849933,0.671906
1842.537465,0.687531
1843.115616,0.578151
1843.725019,0.609403
1844.365674,0.640654
1845.068831,0.703157
1872.585715,0.625029
1891.836596,0.890666
1892.602257,0.765660
1893.414794,0.812537
1894.164828,0.750034
1894.914862,0.750034
1895.633645,0.718783
1900.399488,0.593777
1900.993266,0.593777
1901.618294,0.625029
1902.258949,0.640654
1902.883977,0.625029
1903.524632,0.640654
1904.180912,0.656280
1904.821566,0.640654
1905.399717,0.578151
1905.962243,0.562526
1906.556020,0.593777
1907.134172,0.578151
1907.712323,0.578151
1908.274849,0.562526
1908.915503,0.640654
1909.649912,0.734409
1912.415663,0.546900
1913.071944,0.656280
1913.712598,0.640654
1914.353252,0.640654
1914.962655,0.609403
1915.618935,0.656280
1916.290841,0.671906
1916.900244,0.609403
1917.509647,0.609403
1918.103424,0.593777
1918.697201,0.593777
1919.259727,0.562526
1919.837878,0.578151
1920.431655,0.593777
1921.025433,0.593777
1921.541081,0.515649
1922.150484,0.609403
1922.744261,0.593777
1923.338038,0.593777
1923.916190,0.578151
1924.478716,0.562526
1925.088119,0.609403
1925.697521,0.609403
1926.338176,0.640654
1926.947579,0.609403
1927.556982,0.609403
1928.135133,0.578151
1928.713284,0.578151
1929.291436,0.578151
1929.853962,0.562526
1933.494753,0.625029
1934.166659,0.671906
1934.822939,0.656280
1935.494845,0.671906
1936.166751,0.671906
1936.760528,0.593777
1937.401182,0.640654
1937.963708,0.562526
1938.619988,0.656280
1939.229391,0.609403
1939.807542,0.578151
1940.338817,0.531274
1940.901342,0.562526
2097.736646,0.593777
2098.346049,0.609403
2142.113678,0.687531
2142.660578,0.546900
2143.301232,0.640654
2305.386776,0.718783
2306.043056,0.656280
2340.950904,0.703157
2341.591559,0.640654
2382.265296,0.640654
2382.984078,0.718783
2383.655984,0.671906
2384.296638,0.640654
2384.952919,0.656280
2385.624824,0.671906
2386.281104,0.656280
2386.953010,0.671906
2387.624916,0.671906
2388.296822,0.671906
2389.015604,0.718783
2389.671885,0.656280
2390.390667,0.718783
2391.046947,0.656280
2391.734479,0.687531
2392.406385,0.671906
2393.062665,0.656280
2393.656442,0.593777
2394.328348,0.671906
2394.906499,0.578151
2502.286414,0.671906
2502.973946,0.687531
2503.692729,0.718783
2547.835374,0.796911
2548.554157,0.718783
2549.226063,0.671906
2549.929220,0.703157
2550.819886,0.890666
2676.591268,0.718783
2685.154160,0.718783
2685.888568,0.734409
2686.607351,0.718783
2687.279257,0.671906
2687.935537,0.656280
2688.576191,0.640654
2689.294974,0.718783
2689.904377,0.609403
2690.638786,0.734409
2691.341943,0.703157
2691.998223,0.656280
2692.685755,0.687531
2693.373286,0.687531
2694.092069,0.718783
2694.795226,0.703157
2695.514009,0.718783
2696.201540,0.687531
2696.857821,0.656280
2697.514101,0.656280
2698.154755,0.640654
2698.826661,0.671906
2699.514192,0.687531
2700.248601,0.734409
2700.998635,0.750034
2701.764295,0.765660
2702.529955,0.765660
2703.248738,0.718783
2703.951895,0.703157
2704.655052,0.703157
2708.077084,0.812537
2708.811493,0.734409
2709.624030,0.812537
2710.467818,0.843789
2711.217853,0.750034
2711.967887,0.750034
2712.639793,0.671906
2713.311699,0.671906
2714.014856,0.703157
2714.921147,0.906291
2721.421445,0.703157
2722.155854,0.734409
2722.859011,0.703157
2723.640296,0.781286
2724.218448,0.578151
2724.874728,0.656280
2725.499757,0.625029
2726.156037,0.656280
2726.874820,0.718783
2727.562351,0.687531
2728.312385,0.750034
2729.015543,0.703157
2729.734325,0.718783
2730.468734,0.734409
2731.218768,0.750034
2731.875048,0.656280
2749.516481,0.718783
2750.329018,0.812537
2751.110304,0.781286
2751.797835,0.687531
2771.517488,0.578151
2864.052974,0.718783
2869.537600,0.640654
2870.131377,0.593777
2870.787657,0.656280
2871.475188,0.687531
2872.162720,0.687531
2872.865877,0.703157
2873.537783,0.671906
2874.209688,0.671906
2874.865968,0.656280
2875.522249,0.656280
2876.178529,0.656280
2876.866060,0.687531
2877.553591,0.687531
2878.272374,0.718783
2878.944280,0.671906
2879.663063,0.718783
2880.366220,0.703157
2899.851487,0.562526
2900.507767,0.656280
2919.039865,0.625029
2919.758648,0.718783
2920.493057,0.734409
2921.196214,0.703157
2921.899371,0.703157
2922.586903,0.687531
2923.243183,0.656280
2923.915089,0.671906
2924.540117,0.625029
2925.165146,0.625029
2925.758923,0.593777
2926.399577,0.640654
2926.977729,0.578151
2927.571506,0.593777
2928.149657,0.578151
2928.712183,0.562526
2929.274709,0.562526
2929.821609,0.546900
2930.352883,0.531274
2930.852906,0.500023
2931.399806,0.546900
2931.977958,0.578151
3183.458219,0.687531
3184.098873,0.640654
3184.833282,0.734409
3185.552065,0.718783
3186.317725,0.765660
3187.130262,0.812537
3187.942799,0.812537
3188.708459,0.765660
3189.489745,0.781286
3190.208528,0.718783
3190.896060,0.687531
3191.583591,0.687531
3192.255497,0.671906
3192.896151,0.640654
3193.505554,0.609403
3194.130583,0.625029
3198.177643,0.781286
3198.880800,0.703157
3199.599583,0.718783
3200.318366,0.718783
3201.005897,0.687531
3201.693429,0.687531
3202.427837,0.734409
3203.162246,0.734409
3203.865403,0.703157
3204.615438,0.750034
3205.396723,0.781286
3377.748363,0.781286
3378.623403,0.875040
3379.435940,0.812537
3380.326606,0.890666
3381.107892,0.781286
3381.779797,0.671906
3382.717340,0.937543
3386.358132,0.734409
3387.030038,0.671906
3387.701943,0.671906
3388.295721,0.593777
3388.998878,0.703157
3389.686409,0.687531
3390.358315,0.671906
3391.077098,0.718783
3391.764629,0.687531
3392.483412,0.718783
3393.139692,0.656280
3444.298284,0.546900
3444.845184,0.546900
3445.360833,0.515649
3445.876481,0.515649
3446.423381,0.546900
3523.786297,0.687531
3524.395700,0.609403
3525.067606,0.671906
3525.786389,0.718783
3526.442669,0.656280
3527.130200,0.687531
3527.848983,0.718783
3528.567766,0.718783
3529.224046,0.656280
3529.942829,0.718783
3530.599109,0.656280
3531.271015,0.671906
3531.974172,0.703157
3532.630452,0.656280
3533.349235,0.718783
3534.021141,0.671906
3534.708672,0.687531
3535.396204,0.687531
3536.099361,0.703157
3545.037270,0.765660
3545.771679,0.734409
3546.552964,0.781286
3547.240496,0.687531
3547.896776,0.656280
3548.474927,0.578151
3549.162459,0.687531
3549.709359,0.546900
3550.459393,0.750034
3551.131299,0.671906
3551.771953,0.640654
3552.459485,0.687531
3553.162642,0.703157
3553.990805,0.828163
3554.787716,0.796911
3555.506499,0.718783
3556.334662,0.828163
3557.069071,0.734409
3557.819105,0.750034
3563.350608,0.703157
3564.085017,0.734409
3564.881928,0.796911
3565.663214,0.781286
3566.428874,0.765660
3567.194534,0.765660
3567.928943,0.734409
3568.678977,0.750034
3569.366509,0.687531
3570.069666,0.703157
3570.741572,0.671906
3580.132627,0.718783
3580.820158,0.687531
3590.242464,0.703157
3590.945621,0.703157
3591.648779,0.703157
3592.336310,0.687531
3593.023842,0.687531
3593.680122,0.656280
3594.352027,0.671906
3595.055185,0.703157
3595.758342,0.703157
3596.492750,0.734409
3597.180282,0.687531
3597.914690,0.734409
3598.664725,0.750034
3599.430385,0.765660
3600.008536,0.578151
