1538482914.000000, IBI
85.285154,0.578151
85.722674,0.437520
106.379869,0.578151
107.098652,0.718783
107.661178,0.562526
124.458822,0.562526
125.005722,0.546900
128.818396,0.625029
129.349671,0.531274
129.912196,0.562526
130.459096,0.546900
131.068499,0.609403
131.552896,0.484397
132.146674,0.593777
132.756077,0.609403
133.224848,0.468771
133.756122,0.531274
134.303022,0.546900
134.849922,0.546900
135.381197,0.531274
135.974974,0.593777
136.568751,0.593777
137.115651,0.546900
137.709428,0.593777
138.303205,0.593777
138.959486,0.656280
141.615857,0.546900
142.303389,0.687531
142.850289,0.546900
143.412814,0.562526
143.928463,0.515649
144.553492,0.625029
145.162894,0.609403
165.070056,0.546900
165.616956,0.546900
166.210733,0.593777
166.804510,0.593777
167.476416,0.671906
168.023316,0.546900
188.196114,0.484397
196.602749,0.562526
253.105335,0.781286
302.482596,1.125051
364.782323,0.500023
365.188591,0.406269
428.910258,0.453146
429.410281,0.500023
429.879052,0.468771
430.394701,0.515649
430.800970,0.406269
431.285367,0.484397
431.769764,0.484397
432.222910,0.453146
432.691681,0.468771
433.144827,0.453146
433.629224,0.484397
434.129247,0.500023
434.598018,0.468771
435.098041,0.500023
439.082599,0.437520
439.629499,0.546900
440.160773,0.531274
440.645170,0.484397
441.082690,0.437520
441.567087,0.484397
442.082736,0.515649
442.614010,0.531274
443.051530,0.437520
443.582805,0.531274
444.082828,0.500023
444.504722,0.421894
445.051622,0.546900
447.582988,0.562526
448.098636,0.515649
448.614285,0.515649
452.848854,0.546900
453.333251,0.484397
453.786397,0.453146
454.348922,0.562526
454.833320,0.484397
455.411471,0.578151
455.880243,0.468771
476.084292,0.671906
493.210077,0.593777
493.788228,0.578151
509.038926,0.640654
513.414126,0.671906
514.101658,0.687531
514.898569,0.796911
537.852745,0.640654
615.418796,0.468771
615.981321,0.562526
616.450093,0.468771
616.887613,0.437520
617.450139,0.562526
653.795552,0.375017
765.347533,0.453146
765.894433,0.546900
766.363205,0.468771
766.863228,0.500023
767.363251,0.500023
767.941402,0.578151
862.508231,0.406269
866.289654,0.500023
866.883431,0.593777
867.477208,0.593777
877.696426,0.500023
878.227700,0.531274
878.680846,0.453146
928.980024,0.546900
989.451542,0.531274
990.014067,0.562526
990.560967,0.546900
991.123493,0.562526
991.686019,0.562526
992.311048,0.625029
997.530036,0.578151
998.014434,0.484397
998.576959,0.562526
999.170737,0.593777
999.748888,0.578151
1000.295788,0.546900
1000.858314,0.562526
1001.420840,0.562526
1001.998991,0.578151
1002.483388,0.484397
1002.983411,0.500023
1003.624065,0.640654
1004.155340,0.531274
1004.670988,0.515649
1005.202263,0.531274
1005.764788,0.562526
1013.421389,0.531274
1013.983915,0.562526
1014.655820,0.671906
1017.249689,0.531274
1026.953258,0.750034
1027.672041,0.718783
1028.406450,0.734409
1029.047104,0.640654
1029.672133,0.625029
1030.281536,0.609403
1030.906564,0.625029
1031.437839,0.531274
1032.031616,0.593777
1032.719147,0.687531
1033.297299,0.578151
1033.844199,0.546900
1034.437976,0.593777
1035.047379,0.609403
1035.703659,0.656280
1036.469319,0.765660
1045.360351,0.578151
1046.016631,0.656280
1046.516654,0.500023
1047.172934,0.656280
1051.188743,0.546900
1051.688766,0.500023
1052.298168,0.609403
1052.891946,0.593777
1053.485723,0.593777
1054.126377,0.640654
1054.720154,0.593777
1055.329557,0.609403
1055.923334,0.593777
1056.517112,0.593777
1057.126514,0.609403
1057.845297,0.718783
1058.376572,0.531274
1058.892220,0.515649
1059.454746,0.562526
1060.001646,0.546900
1060.548546,0.546900
1061.220452,0.671906
1098.753420,0.703157
1142.255411,0.468771
1142.880440,0.625029
1143.442965,0.562526
1144.005491,0.562526
1144.583642,0.578151
1145.036788,0.453146
1145.646191,0.609403
1146.130588,0.484397
1146.599360,0.468771
1163.225121,0.609403
1212.258615,0.546900
1212.774264,0.515649
1213.399292,0.625029
1213.852438,0.453146
1319.857291,0.500023
1453.004010,0.390643
1453.472782,0.468771
1453.925927,0.453146
1454.394699,0.468771
1454.941599,0.546900
1480.020872,0.546900
1480.536521,0.515649
1481.083421,0.546900
1481.520941,0.437520
1484.458575,0.453146
1484.911721,0.453146
1485.396118,0.484397
1485.880515,0.484397
1486.364913,0.484397
1486.864935,0.500023
1487.396210,0.531274
1487.927484,0.531274
1500.740571,0.531274
1501.271845,0.531274
1501.818745,0.546900
1502.334394,0.515649
1502.850042,0.515649
1503.365691,0.515649
1503.896965,0.531274
1504.443865,0.546900
1504.990765,0.546900
1507.553382,0.546900
1508.100282,0.546900
1508.615931,0.515649
1509.131580,0.515649
1509.694105,0.562526
1510.225380,0.531274
1510.741028,0.515649
1511.319180,0.578151
1511.819203,0.500023
1512.366103,0.546900
1512.944254,0.578151
1515.600626,0.593777
1516.147526,0.546900
1516.600672,0.453146
1548.445879,0.546900
1548.977154,0.531274
1549.539679,0.562526
1550.102205,0.562526
1550.617854,0.515649
1551.196005,0.578151
1551.711654,0.515649
1552.258554,0.546900
1594.869879,0.578151
1595.401154,0.531274
1632.590356,0.515649
1633.246636,0.656280
1673.264093,0.484397
1673.732864,0.468771
1674.264139,0.531274
1683.358305,0.437520
1683.873954,0.515649
1684.264596,0.390643
1684.748994,0.484397
1748.689421,0.625029
1749.189444,0.500023
1749.720718,0.531274
1754.049041,0.890666
1756.955424,0.484397
1757.486698,0.531274
1757.986721,0.500023
1775.456271,0.484397
1775.971920,0.515649
1776.440691,0.468771
1777.034468,0.593777
1804.988873,0.453146
1805.551399,0.562526
1805.988919,0.437520
1806.410813,0.421894
1806.910836,0.500023
1807.395233,0.484397
1807.942133,0.546900
1853.256707,0.484397
1887.242638,1.250057
1888.445818,1.203180
1889.945886,1.500069
1972.824680,0.687531
1973.621592,0.796911
1974.496632,0.875040
1993.153736,0.390643
1993.528753,0.375017
1993.966273,0.437520
1994.372541,0.406269
1994.810061,0.437520
1995.200704,0.390643
1995.622599,0.421894
1996.075744,0.453146
1996.497639,0.421894
1996.966410,0.468771
1997.388304,0.421894
1997.872702,0.484397
2003.841725,0.484397
2004.279245,0.437520
2004.732391,0.453146
2005.185536,0.453146
2010.185765,0.531274
2010.576408,0.390643
2011.013928,0.437520
2011.467074,0.453146
2011.920220,0.453146
2012.373365,0.453146
2012.873388,0.500023
2013.357785,0.484397
2013.857808,0.500023
2014.342206,0.484397
2014.873480,0.531274
2015.389128,0.515649
2015.951654,0.562526
2016.436051,0.484397
2016.951700,0.515649
2017.451723,0.500023
2017.951746,0.500023
2018.467394,0.515649
2018.889289,0.421894
2019.451814,0.562526
2019.858083,0.406269
2020.264352,0.406269
2020.795626,0.531274
2021.248772,0.453146
2021.701917,0.453146
2022.155063,0.453146
2022.639460,0.484397
2023.076980,0.437520
2023.545752,0.468771
2045.874899,0.390643
2046.296793,0.421894
2046.749939,0.453146
2047.156208,0.406269
2047.546850,0.390643
2048.015622,0.468771
2048.437516,0.421894
2048.875036,0.437520
2049.328182,0.453146
2049.734451,0.406269
2050.187596,0.453146
2050.593865,0.406269
2051.047011,0.453146
2055.812854,0.421894
2056.297251,0.484397
2056.703520,0.406269
2057.125414,0.421894
2057.594185,0.468771
2058.047331,0.453146
2058.500477,0.453146
2058.906745,0.406269
2059.391143,0.484397
2059.875540,0.484397
2060.297434,0.421894
2060.781831,0.484397
2061.234977,0.453146
2061.750626,0.515649
2062.203771,0.453146
2062.703794,0.500023
2119.940789,0.468771
2120.456438,0.515649
2121.003338,0.546900
2137.019696,0.484397
2137.488467,0.468771
2138.050993,0.562526
2138.488513,0.437520
2139.066665,0.578151
2139.535436,0.468771
2140.066710,0.531274
2140.566733,0.500023
2141.019879,0.453146
2141.629282,0.609403
2142.066802,0.437520
2142.613702,0.546900
2143.098099,0.484397
2143.566871,0.468771
2144.035642,0.468771
2150.270303,0.562526
2150.692197,0.421894
2151.192220,0.500023
2318.528005,0.468771
2318.981150,0.453146
2319.403045,0.421894
2319.824939,0.421894
2329.825397,0.375017
2330.325420,0.500023
2341.060286,0.406269
2341.435303,0.375017
2341.888449,0.453146
2342.341595,0.453146
2344.326061,0.375017
2344.794832,0.468771
2345.201101,0.406269
2345.607369,0.406269
2346.029263,0.421894
2346.435532,0.406269
2346.794924,0.359391
2347.138689,0.343766
2769.111130,0.406269
2769.626778,0.515649
2803.112686,0.437520
2803.534580,0.421894
2803.893972,0.359391
2806.034695,0.421894
2810.722409,0.421894
2811.113052,0.390643
2811.550572,0.437520
2811.972467,0.421894
2812.394361,0.421894
2812.816255,0.421894
2813.238150,0.421894
2813.706921,0.468771
2814.128815,0.421894
2814.550710,0.421894
2814.956978,0.406269
2815.394498,0.437520
2815.878896,0.484397
2816.253913,0.375017
2816.738310,0.484397
2817.269584,0.531274
2821.629159,0.453146
2822.035427,0.406269
2822.488573,0.453146
2822.910467,0.421894
2823.363613,0.453146
2823.801133,0.437520
2824.223027,0.421894
2824.769928,0.546900
2830.957711,0.468771
2831.332728,0.375017
2831.770248,0.437520
