1537273817.000000, IBI
71.409519,0.593777
72.159553,0.750034
164.351273,0.734409
180.211374,1.093800
181.148917,0.937543
184.852211,0.718783
185.508492,0.656280
186.149146,0.640654
186.774174,0.625029
187.477332,0.703157
191.727526,0.859414
192.493186,0.765660
193.352601,0.859414
194.133886,0.781286
194.962049,0.828163
195.712084,0.750034
196.555872,0.843789
197.415287,0.859414
198.368455,0.953169
199.290372,0.921917
269.152945,0.937543
270.106114,0.953169
270.981154,0.875040
272.043703,1.062549
272.965620,0.921917
273.996917,1.031297
274.981337,0.984420
275.934506,0.953169
282.216043,1.062549
282.966078,0.750034
284.028626,1.062549
295.122884,0.796911
295.826041,0.703157
296.654204,0.828163
300.576259,0.796911
301.357544,0.781286
302.123204,0.765660
302.810736,0.687531
303.576396,0.765660
304.342056,0.765660
305.185845,0.843789
306.170265,0.984420
307.045305,0.875040
348.812842,0.687531
440.082645,0.843789
440.910808,0.828163
441.879602,0.968794
442.770268,0.890666
727.017654,0.890666
727.939571,0.921917
728.939617,1.000046
734.580500,0.734409
735.408663,0.828163
736.346206,0.937543
737.315001,0.968794
738.205666,0.890666
739.143209,0.937543
739.986998,0.843789
740.721406,0.734409
741.533944,0.812537
782.254558,0.812537
783.051469,0.796911
783.754626,0.703157
784.598415,0.843789
785.395326,0.796911
786.192238,0.796911
786.973524,0.781286
787.661055,0.687531
788.395464,0.734409
789.145498,0.750034
789.864281,0.718783
802.396105,0.734409
803.193016,0.796911
803.958676,0.765660
804.786839,0.828163
805.489996,0.703157
806.208779,0.718783
818.365586,0.734409
833.585032,0.750034
897.025436,0.890666
897.853599,0.828163
898.666137,0.812537
899.509925,0.843789
900.306837,0.796911
901.213128,0.906291
902.103794,0.890666
902.900705,0.796911
910.885446,0.953169
927.808095,0.796911
928.620633,0.812537
932.277050,0.984420
933.277096,1.000046
934.183387,0.906291
935.105304,0.921917
935.964719,0.859414
936.746005,0.781286
937.496039,0.750034
938.292950,0.796911
938.949230,0.656280
939.574259,0.625029
940.230539,0.656280
941.089953,0.859414
942.058748,0.968794
942.918162,0.859414
943.715074,0.796911
944.527611,0.812537
951.949826,0.859414
952.762363,0.812537
953.731157,0.968794
954.637449,0.906291
955.481237,0.843789
956.403154,0.921917
957.325072,0.921917
958.215737,0.890666
959.122029,0.906291
959.997069,0.875040
960.825232,0.828163
961.653395,0.828163
962.512809,0.859414
963.372223,0.859414
964.231638,0.859414
965.184806,0.953169
966.091098,0.906291
966.966138,0.875040
967.903681,0.937543
968.763095,0.859414
969.560007,0.796911
970.356918,0.796911
971.122578,0.765660
990.107822,0.812537
990.998488,0.890666
991.811025,0.812537
992.717317,0.906291
993.514228,0.796911
994.342391,0.828163
995.201805,0.859414
996.061220,0.859414
996.873757,0.812537
997.748797,0.875040
998.701966,0.953169
999.436374,0.734409
1000.280163,0.843789
1009.389955,0.828163
1010.155615,0.765660
1010.983778,0.828163
1011.905695,0.921917
1020.421710,0.734409
1034.109836,0.687531
1034.797368,0.687531
1035.438022,0.640654
1036.219308,0.781286
1036.844337,0.625029
1037.516242,0.671906
1038.203774,0.687531
1038.938182,0.734409
1039.547585,0.609403
1040.219491,0.671906
1040.938274,0.718783
1046.719789,0.703157
1047.469823,0.750034
1048.313612,0.843789
1049.110523,0.796911
1049.829306,0.718783
1058.157812,0.750034
1061.736101,0.703157
1081.658888,0.562526
1082.127659,0.468771
1085.205925,0.609403
1102.316083,0.515649
1102.800481,0.484397
1103.300503,0.500023
1103.816152,0.515649
1104.331801,0.515649
1104.925578,0.593777
1105.441226,0.515649
1105.909998,0.468771
1106.503775,0.593777
1107.035049,0.531274
1107.581949,0.546900
1108.128850,0.546900
1108.707001,0.578151
1109.332030,0.625029
1109.832052,0.500023
1110.410204,0.578151
1110.941478,0.531274
1111.472753,0.531274
1112.050904,0.578151
1112.582178,0.531274
1113.175956,0.593777
1113.847861,0.671906
1114.426013,0.578151
1114.988539,0.562526
1115.504187,0.515649
1350.749330,0.703157
1351.530616,0.781286
1352.358779,0.828163
1398.001493,0.765660
1398.657773,0.656280
1399.345305,0.687531
1400.079713,0.734409
1400.892251,0.812537
1401.579782,0.687531
1402.376693,0.796911
1403.157979,0.781286
1459.254297,0.609403
1459.785571,0.531274
1460.301220,0.515649
1465.254572,0.593777
1465.801472,0.546900
1466.457752,0.656280
1467.067155,0.609403
1467.692183,0.625029
1468.301586,0.609403
1468.895363,0.593777
1469.536018,0.640654
1470.192298,0.656280
1470.832952,0.640654
1471.457981,0.625029
1472.129886,0.671906
1472.801792,0.671906
1473.395569,0.593777
1473.973721,0.578151
1474.598749,0.625029
1475.270655,0.671906
1475.989438,0.718783
1476.739472,0.750034
1477.489507,0.750034
1478.177038,0.687531
1478.848944,0.671906
1479.505224,0.656280
1480.145878,0.640654
1480.770907,0.625029
1481.427187,0.656280
1482.177221,0.750034
1482.911630,0.734409
1483.630413,0.718783
1484.427324,0.796911
1485.208610,0.781286
1486.068024,0.859414
1486.943064,0.875040
1487.724350,0.781286
1488.505636,0.781286
1489.333799,0.828163
1492.865211,0.734409
1493.662122,0.796911
1494.537162,0.875040
1495.318448,0.781286
1496.115359,0.796911
1507.022109,0.968794
1507.834646,0.812537
1508.631557,0.796911
1509.397217,0.765660
1510.162877,0.765660
1510.975415,0.812537
1511.756700,0.781286
1512.459857,0.703157
1513.334898,0.875040
1514.178686,0.843789
1515.006849,0.828163
1515.772509,0.765660
1516.538169,0.765660
1517.272578,0.734409
1517.991361,0.718783
1518.772646,0.781286
1519.600809,0.828163
1520.475849,0.875040
1521.350889,0.875040
1522.163427,0.812537
1522.991590,0.828163
1523.851004,0.859414
1524.679167,0.828163
1525.460453,0.781286
1526.257364,0.796911
1527.007398,0.750034
1527.788684,0.781286
1540.414262,0.796911
1541.101794,0.687531
1550.274088,0.703157
1551.102251,0.828163
1551.914788,0.812537
1552.711700,0.796911
1553.571114,0.859414
1554.289897,0.718783
1555.039932,0.750034
1555.633709,0.593777
1556.352492,0.718783
1556.993146,0.640654
1557.696303,0.703157
1569.759355,0.671906
1570.400010,0.640654
1571.071915,0.671906
1571.759447,0.687531
1572.368850,0.609403
1573.056381,0.687531
1573.759538,0.703157
1574.400193,0.640654
1575.056473,0.656280
1575.790881,0.734409
1576.650296,0.859414
1577.290950,0.640654
1577.962856,0.671906
1578.822270,0.859414
1582.088045,0.687531
1582.697448,0.609403
1583.338102,0.640654
1583.931879,0.593777
1584.556908,0.625029
1585.275691,0.718783
1594.072968,0.546900
1594.651120,0.578151
1595.276148,0.625029
1628.043273,0.687531
1633.793536,0.796911
1644.294017,0.828163
1645.059677,0.765660
1645.794086,0.734409
1646.512869,0.718783
1647.216026,0.703157
1647.950434,0.734409
1648.716094,0.765660
1649.466129,0.750034
1650.231789,0.765660
1650.966197,0.734409
1651.716232,0.750034
1652.544395,0.828163
1653.169423,0.625029
1653.856955,0.687531
1654.497609,0.640654
1655.247643,0.750034
1655.872672,0.625029
1656.528952,0.656280
1657.169606,0.640654
1657.919641,0.750034
1658.560295,0.640654
1659.341581,0.781286
1660.232247,0.890666
1667.138813,0.687531
1676.045470,0.750034
1676.748628,0.703157
1677.514288,0.765660
1678.295573,0.781286
1679.123736,0.828163
1679.889396,0.765660
1680.733185,0.843789
1681.545722,0.812537
1682.467639,0.921917
1922.916146,0.640654
1923.588052,0.671906
1924.166203,0.578151
2047.281214,0.687531
2144.520040,0.906291
2153.457949,0.781286
2154.207983,0.750034
2159.692609,0.703157
2160.489521,0.796911
2168.661770,0.718783
2181.756119,0.734409
2182.646785,0.890666
2215.148273,0.703157
2300.995952,0.812537
2334.731871,0.796911
2366.858342,0.875040
2367.639628,0.781286
2368.545919,0.906291
2369.217825,0.671906
2369.952234,0.734409
2370.796022,0.843789
2371.514805,0.718783
2372.358594,0.843789
2373.139880,0.781286
2374.014920,0.875040
2379.437043,0.781286
2380.265206,0.828163
2381.093369,0.828163
2381.765275,0.671906
2385.140429,0.812537
2394.578361,0.750034
2395.297144,0.718783
2402.984996,0.625029
2403.641276,0.656280
2404.266304,0.625029
2404.938210,0.671906
2405.625742,0.687531
2406.360150,0.734409
2407.078933,0.718783
2407.813342,0.734409
2408.532125,0.718783
2409.219656,0.687531
2409.844685,0.625029
2410.579093,0.734409
2411.266625,0.687531
2411.844776,0.578151
2412.469805,0.625029
2413.094834,0.625029
2413.844868,0.750034
2414.626154,0.781286
2425.079757,0.781286
2425.829792,0.750034
2426.657954,0.828163
2427.407989,0.750034
2428.158023,0.750034
2476.863378,0.687531
2477.566535,0.703157
2478.238441,0.671906
2479.066603,0.828163
2479.863515,0.796911
2480.629175,0.765660
2481.551092,0.921917
2510.755554,0.671906
2511.521214,0.765660
2512.083740,0.562526
2512.708768,0.625029
2513.365048,0.656280
2514.021328,0.656280
2549.272942,0.703157
2550.101105,0.828163
2550.944894,0.843789
2551.804308,0.859414
2552.694974,0.890666
2553.491885,0.796911
2554.366925,0.875040
2555.226340,0.859414
2556.023251,0.796911
2556.804537,0.781286
2601.525334,0.765660
2602.228491,0.703157
2602.900397,0.671906
2603.587928,0.687531
2604.353588,0.765660
2605.119248,0.765660
2605.869283,0.750034
2606.666194,0.796911
2607.431854,0.765660
2608.056883,0.625029
2616.119752,0.656280
2616.869786,0.750034
2617.619821,0.750034
2638.980173,0.578151
2639.573951,0.593777
2657.231009,0.875040
2657.918540,0.687531
2658.731077,0.812537
2659.402983,0.671906
2660.074889,0.671906
2660.762420,0.687531
2661.481203,0.718783
2662.184361,0.703157
2662.793763,0.609403
2663.559423,0.765660
2731.593788,0.656280
2732.234442,0.640654
2732.765716,0.531274
2733.500125,0.734409
2734.312662,0.812537
2734.890814,0.578151
2795.331080,0.796911
2796.096740,0.765660
2796.799897,0.703157
2797.518680,0.718783
2798.346843,0.828163
2799.096878,0.750034
2799.753158,0.656280
2800.487566,0.734409
2801.128221,0.640654
2801.768875,0.640654
2802.425155,0.656280
2806.972238,0.687531
2807.784775,0.812537
2819.535313,0.890666
2820.347850,0.812537
2821.254142,0.906291
2821.972925,0.718783
2822.738585,0.765660
2879.053663,0.765660
2879.881825,0.828163
2880.491228,0.609403
2881.194386,0.703157
2927.555883,0.562526
2928.290292,0.734409
2928.899695,0.609403
